rozwi¹zanie znaleziono po 299326 ruchach, w czasie 2400 ms
|1672 1741  26 1459 1398 1457  28 1179 1292 1177  30 1175 1042 1109  32 737 874 735  34 733 740 607  36 513 554 511  38 509 410 315  40 241 318 239  42 237 214 163  44  97 124  95  46  67  84  65  48  63  54  61 |
| 25 1572 1671 1570  27 1460 1399 1290  29 1180 1173 1108  31 1106 1043 1104  33 738 875 606  35 604 645 602  37 514 507 408  39 406 411 316  41 242 287 162  43 160 179 158  45  98  91  82  47  68  53  60  49  58 |
|1740 1673 1742 1573 1458 1397 1456 1293 1178 1291 1176 1181 1174 1041 1110 1039 736 873 734 739 732 741 608 555 512 553 510 453 508 409 314 319 240 317 238 215 236 213 164 125  96 123  94  85  66  83  64  57  62  55 |
|1743  24 1571 1670 1569 1574 1461 1400 1289 1294 1287 1172 1107 1170 1105 1044 1103 984 797 876 605 646 603 644 601 556 515 506 407 454 405 412 355 288 243 286 161 180 159 178 157  92  99  90  81  86  69  52  59  50 |
|1734 1739 1674 1737 1676 1753 1396 1455 1394 1285 1392 1283 1182 1281 1040 1111 1038 1045 872 985 798 731 742 609 648 611 552 557 452 517 450 313 320 311 356 289 216 235 212 165 126 137 122  93 100 129 102  73  56  71 |
| 23 1744 1735 1754 1669 1568 1575 1462 1401 1288 1295 1286 1171 1164 1169 1162 1167 1102 983 796 877 794 647 792 643 600 641 516 505 558 455 404 413 354 321 244 285 246 181 218 177 156 127 138  89  80  87  70  51  74 |
|1748 1733 1738 1675 1736 1677 1752 1395 1454 1393 1284 1391 1282 1183 1280 1165 1112 1037 1046 871 986 799 730 743 610 649 612 551 614 451 518 449 312 447 310 357 290 217 234 211 166 183 136 121 128 101 130 103  72 113 |
|1745  22 1747 1750 1755 1668 1567 1576 1463 1402 1389 1296 1387 1404 1163 1168 1161 1166 1101 982 795 878 793 800 791 642 599 640 597 504 559 456 403 414 353 322 245 284 247 182 219 176 155 168 139  88  79 112  75 104 |
|1932 1749 1732 1835 1730 1751 1678 1757 1516 1453 1464 1403 1390 1297 1184 1279 1300 1113 1036 1047 870 987 868 729 744 727 650 613 550 615 548 519 448 457 446 309 358 291 324 233 210 167 184 135 120 133 118 131 114 111 |
| 21 1746 1931 1832 1837 1756 1667 1566 1577 1564 1517 1388 1465 1386 1405 1298 1185 1160 1187 1100 981 1048 879 988 801 790 745 598 639 596 503 560 501 402 415 352 323 350 283 248 293 220 175 154 169 140 109  78 105  76 |
|1930 1933 1836 1731 1834 1729 1838 1679 1758 1515 1452 1513 1450 1511 1448 1301 1278 1299 1114 1035 1116 869 1118 867 728 865 726 651 724 549 616 547 520 545 458 445 308 359 292 325 232 209 230 185 134 119 132 117 110 115 |
|1935  20 1833 1886 1831 1884 1829 1666 1565 1578 1563 1518 1561 1466 1385 1406 1383 1186 1159 1188 1099 980 1049 880 989 802 789 746 787 638 595 502 561 500 401 416 351 418 349 282 249 294 221 174 153 170 141 108  77 106 |
|1986 1929 1934 1927 1938 1887 1728 1839 1680 1759 1514 1451 1512 1449 1510 1447 1302 1277 1342 1115 1034 1117 1032 1119 866 881 864 725 652 723 654 617 546 521 544 459 444 307 360 305 326 231 208 229 186 223 188 145 116 143 |
| 19 1936 1985 1988 1885 1830 1883 1828 1665 1622 1579 1562 1519 1560 1467 1384 1407 1382 1303 1158 1189 1098 979 1050 977 990 803 788 747 786 637 594 635 562 499 400 417 398 419 348 281 250 295 222 173 152 171 142 107 146 |
|2038 1987 1928 1937 1926 1939 1888 1727 1840 1681 1760 1623 1558 1581 1520 1509 1446 1343 1276 1341 1274 1033 1190 1031 1120 939 882 863 804 653 722 655 618 657 522 543 460 443 306 361 304 327 346 207 228 187 224 189 144 199 |
|2035  18 2037 1984 1989 1982 1991 1882 1827 1664 1621 1580 1619 1624 1559 1468 1521 1408 1381 1304 1157 1306 1097 978 1051 976 991 940 883 748 785 636 593 634 563 498 399 496 397 420 347 280 251 296 253 172 151 198 147 190 |
|2082 2039 2034 2127 2032 1925 1940 1889 1726 1841 1682 1761 1684 1557 1582 1555 1508 1445 1344 1275 1340 1273 1228 1191 1030 1121 938 1053 862 805 692 721 656 619 658 523 542 461 442 383 362 303 328 345 206 227 204 225 200 197 |
| 17 2036 2081 2040 1983 1990 1981 1992 1881 1826 1663 1620 1661 1618 1625 1616 1469 1522 1409 1380 1305 1156 1307 1096 1229 1052 975 992 941 884 749 784 693 592 633 564 497 524 495 396 421 384 279 252 297 254 195 150 191 148 |
|2132 2083 2128 2033 2126 2031 1924 1941 1890 1725 1842 1683 1762 1685 1556 1583 1554 1507 1444 1345 1410 1339 1272 1227 1192 1029 1122 937 1054 861 806 691 720 689 620 659 622 541 462 441 382 363 302 329 344 205 226 203 196 201 |
|2129  16 2131 2080 2041 2078 2043 1980 1993 1880 1825 1662 1823 1660 1617 1626 1615 1470 1523 1472 1379 1346 1155 1308 1095 1230 1093 974 993 942 885 750 783 694 591 632 565 630 525 494 395 422 385 278 267 298 255 194 149 192 |
|2300 2133 2084 2195 2086 2125 2030 1923 1942 1891 1724 1843 1722 1763 1686 1793 1584 1553 1506 1443 1504 1411 1338 1271 1226 1193 1028 1123 936 1055 860 807 690 719 688 621 660 623 540 463 440 381 364 301 330 343 268 259 202 257 |
| 15 2130 2299 2134 2079 2042 2077 2044 1979 1994 1879 1824 1877 1822 1659 1764 1627 1614 1471 1524 1473 1378 1347 1154 1309 1094 1231 1092 973 994 943 886 751 782 695 590 631 566 629 526 493 394 423 386 277 266 299 256 193 260 |
|2298 2301 2196 2085 2194 2087 2124 2029 1922 1943 1892 1723 1844 1721 1792 1687 1794 1585 1552 1505 1442 1503 1412 1337 1270 1225 1194 1027 1124 935 1056 859 808 857 718 687 628 661 624 539 464 439 380 365 300 331 342 269 258 337 |
|2215  14 2217 2256 2135 2122 2137 2076 2045 1978 1995 1878 1893 1876 1821 1658 1765 1628 1613 1586 1525 1474 1377 1348 1153 1310 1151 1232 1091 972 995 944 887 752 781 696 589 698 567 662 527 492 393 424 387 276 265 338 261 270 |
|2302 2297 2214 2197 2212 2193 2088 2123 2028 1921 1944 1919 1874 1845 1720 1791 1688 1795 1690 1551 1630 1441 1502 1413 1336 1269 1224 1195 1026 1125 934 1057 858 809 856 717 686 627 684 625 538 465 438 379 366 377 332 341 336 339 |
| 13 2216 2255 2218 2257 2136 2121 2138 2075 2046 1977 1996 1945 1894 1875 1820 1657 1766 1629 1612 1587 1526 1475 1376 1349 1152 1311 1150 1233 1090 971 996 945 888 753 780 697 588 699 568 663 528 491 392 425 388 275 264 271 262 |
|2308 2303 2296 2213 2198 2211 2192 2089 2166 2027 1920 2025 1918 1873 1846 1719 1790 1689 1796 1691 1550 1631 1440 1501 1414 1335 1268 1223 1196 1025 1126 933 1058 931 810 855 716 685 626 683 700 537 466 437 378 367 376 333 340 335 |
|2305  12 2307 2254 2219 2258 2165 2120 2139 2074 2047 1976 1997 1946 1895 1948 1819 1656 1767 1654 1611 1588 1527 1476 1375 1350 1415 1312 1149 1234 1089 970 997 946 889 754 779 756 587 758 569 664 529 490 391 426 389 274 263 272 |
|2338 2309 2304 2295 2312 2199 2210 2191 2090 2167 2026 2141 2024 1917 1872 1847 1718 1789 1716 1797 1692 1549 1632 1439 1500 1437 1334 1267 1222 1197 1024 1127 932 1059 930 811 854 715 852 713 682 701 536 467 436 469 368 375 334 373 |
| 11 2306 2337 2310 2253 2220 2259 2164 2119 2140 2073 2048 1975 1998 1947 1896 1949 1818 1655 1768 1653 1610 1589 1528 1477 1374 1351 1416 1313 1148 1235 1088 969 998 947 890 755 778 757 586 759 570 665 530 489 390 427 372 273 370 |
|2364 2339 2360 2313 2294 2311 2200 2209 2190 2091 2168 2093 2142 2023 1916 1871 1848 1717 1788 1715 1798 1693 1548 1633 1438 1499 1436 1333 1266 1221 1198 1023 1128 1021 1060 929 812 853 714 851 712 681 702 535 468 435 470 369 374 429 |
|2361  10 2363 2336 2341 2252 2221 2260 2163 2118 2161 2072 2049 1974 1999 1972 1897 1950 1817 1850 1769 1652 1609 1590 1529 1478 1373 1352 1417 1314 1147 1236 1087 968 999 948 891 950 777 814 585 760 571 666 531 488 533 428 371 482 |
|2384 2365 2340 2359 2314 2293 2316 2201 2208 2189 2092 2169 2094 2143 2022 1915 1870 1849 1868 1787 1714 1799 1694 1547 1634 1591 1498 1435 1332 1265 1220 1199 1022 1129 1020 1061 928 813 892 837 850 711 680 703 534 471 434 481 430 473 |
|  9 2362 2383 2366 2335 2342 2251 2222 2261 2162 2117 2160 2071 2050 1973 2000 1971 1898 1951 1816 1851 1770 1651 1608 1695 1530 1479 1372 1353 1418 1315 1146 1237 1086 967 1000 949 1002 951 776 815 584 761 572 667 532 487 472 483 480 |
|2442 2385 2404 2387 2358 2315 2292 2317 2202 2207 2188 2205 2170 2095 2144 2021 1914 1869 2002 1867 1786 1713 1800 1711 1546 1635 1592 1497 1434 1331 1264 1219 1200 1217 1130 1019 1062 927 838 893 836 849 710 679 704 573 478 433 474 431 |
|2405   8 2443 2382 2367 2334 2343 2250 2223 2262 2203 2116 2159 2070 2051 2068 2001 1970 1899 1952 1815 1852 1771 1650 1607 1696 1531 1480 1371 1354 1419 1316 1145 1238 1085 966 1001 964 1003 952 775 816 583 762 581 668 579 486 479 484 |
|2444 2441 2386 2403 2388 2357 2368 2291 2318 2289 2206 2187 2204 2171 2096 2145 2020 1913 2018 2003 1866 1785 1712 1801 1710 1545 1636 1593 1496 1433 1330 1263 1218 1201 1216 1131 1018 1063 926 839 894 835 848 709 678 705 574 477 432 475 |
|  7 2406 2401 2424 2381 2408 2333 2344 2249 2224 2263 2276 2115 2158 2069 2052 2067 2016 1969 1900 1953 1814 1853 1772 1649 1606 1697 1532 1481 1370 1355 1420 1317 1144 1239 1084 965 1082 963 1004 953 774 817 582 763 580 669 578 485 576 |
|2440 2445 2438 2407 2402 2389 2356 2369 2290 2319 2288 2225 2186 2227 2172 2097 2146 2019 1912 2017 2004 1865 1784 1955 1802 1709 1544 1637 1594 1495 1432 1329 1262 1357 1202 1215 1132 1017 1064 925 840 895 834 847 708 677 706 575 476 671 |
|2449   6 2425 2400 2423 2380 2409 2332 2345 2248 2275 2264 2277 2114 2157 2228 2053 2066 2015 1968 1901 1954 1813 1854 1773 1648 1605 1698 1533 1482 1369 1356 1421 1318 1143 1240 1083 1204 1081 962 1005 954 773 818 771 764 769 670 577 822 |
|2446 2439 2448 2437 2426 2461 2390 2355 2370 2411 2320 2287 2226 2185 2238 2173 2098 2147 2054 1911 2056 2005 1864 1783 1956 1803 1708 1543 1638 1595 1494 1431 1328 1261 1358 1203 1214 1133 1016 1065 924 841 896 833 846 707 676 823 672 767 |
|  5 2450 2435 2462 2399 2422 2379 2410 2331 2346 2247 2274 2265 2278 2113 2156 2229 2174 2065 2014 1967 1902 1965 1812 1855 1774 1647 1604 1699 1534 1483 1368 1359 1422 1319 1142 1241 1250 1205 1080 961 1006 955 772 819 770 765 768 821 824 |
|2474 2447 2476 2451 2436 2427 2460 2391 2354 2371 2412 2321 2286 2239 2184 2237 2182 2099 2148 2055 1910 2057 2006 1863 1782 1957 1804 1707 1542 1639 1596 1493 1430 1327 1260 1249 1258 1213 1134 1015 1066 923 842 897 832 845 820 675 766 673 |
|2485   4 2473 2434 2463 2398 2421 2378 2419 2330 2347 2246 2273 2266 2279 2112 2155 2230 2175 2064 2013 1966 1903 1964 1811 1856 1775 1646 1603 1700 1535 1484 1367 1360 1423 1320 1141 1242 1251 1206 1079 960 1007 956 843 898 909 902 825 900 |
|2494 2475 2484 2477 2452 2459 2428 2465 2392 2353 2372 2413 2322 2285 2240 2183 2236 2181 2100 2149 2102 1909 2058 2007 1862 1781 1958 1805 1706 1541 1640 1597 1492 1429 1326 1259 1248 1257 1212 1135 1014 1067 922 1073 1008 831 844 899 674 903 |
|  3 2486 2493 2472 2433 2464 2397 2420 2377 2418 2329 2348 2245 2272 2267 2280 2111 2154 2231 2176 2063 2012 2103 1904 1963 1810 1857 1776 1645 1602 1701 1536 1485 1366 1361 1424 1321 1140 1243 1252 1207 1078 959 1068 957 908 917 910 901 826 |
|2492 2495 2490 2483 2478 2453 2458 2429 2466 2393 2352 2373 2414 2323 2284 2241 2268 2235 2180 2101 2150 2107 1908 2059 2008 1861 1780 1959 1806 1705 1540 1641 1598 1491 1428 1325 1362 1247 1256 1211 1136 1013 1072 921 1074 1009 830 913 904 911 |
|2487   2 2481 2498 2471 2432 2469 2396 2455 2376 2417 2328 2349 2244 2271 2324 2281 2110 2153 2232 2177 2062 2011 2104 1905 1962 1809 1858 1777 1644 1601 1702 1537 1486 1365 1488 1425 1322 1139 1244 1253 1208 1077 958 1069 918 907 916 827 914 |
|2496 2491   0 2489 2482 2479 2454 2457 2430 2467 2394 2351 2374 2415 2326 2283 2242 2269 2234 2179 2108 2151 2106 1907 2060 2009 1860 1779 1960 1807 1704 1539 1642 1599 1490 1427 1324 1363 1246 1255 1210 1137 1012 1071 920 1075 1010 829 912 905 |
|  1 2488 2497 2480 2499 2470 2431 2468 2395 2456 2375 2416 2327 2350 2243 2270 2325 2282 2109 2152 2233 2178 2061 2010 2105 1906 1961 1808 1859 1778 1643 1600 1703 1538 1487 1364 1489 1426 1323 1138 1245 1254 1209 1076 1011 1070 919 906 915 828 |
